annih: 511

Ac228:  1588.2 794.95, 726.863,  964.8, 968.97, 911.2, 338.32
Tl208: 510.77, 583.2, 860.6, 2614.53 
Ra224: 241
Pb212: 238.6 
Bi212:727


Pa234m: 1937.01,  1867.68,  1911.17,  1874.85,  1831.3,  1737.73,  1001.03,  1809,  1809,  1893
Pa: 226.5, 227.25, 293.79,   351.5,  369.5,  458.68,  468.,  568.9,  569.5 
U234: 53.20, 120.9
Ra226: 187.1, 186.211
Pb214: 351.932, 295.224, 241.997
Bi214: 3053.9,  2444.7,  2978.9,  2921.9,  2293.4,  2204.21,  2118.55,  1407.98,  1847.42,  1764.49,  1729.595,  1120.287,  934.061,  1377.669,  609.312,  768,  1238
Pb210: 46.539  
Po210: 803.1


K40: 1460
K42: 1525


C060:   1173.2,  1332.5,  1491,  1550
Cs137:  1176,  514,  662,  892,  284
Ag108m: 722.9,  614.3,  433.9,  30,  79
Ag108:  434
Ag1110m: 1384,  884,  657
Kr85: 840,  151,  514

